2786296409
90583230
2788183026
26792087
19642914
1353518742
1461576211
2761684388
2758281382
2750862278
2787321595
2786787233
2738735326
3040580752
82395307
2751097668
38583432
2784506945
2788363757
39822215
2782530572
1453118988
2704253012
37033309
35021255
2787804945
2785454788
2747870892
43850073
297606585
25071081
2786907968
39204655
29586326
2787971638
52629159
1353891599
2737399096
1354794284
56814048
1459858974
2627446378
26650882
2787807945
31700200
2766149662
33012657
1462823032
39986620
1354809261
28928808
2777879454
57869092
1353290374
2772618994
1354791443
2786549493
46864215
51709268
2785643389
2788226530
1353874099
81771268
2786578634
12037434
2786393835
2764638543
2777413592
2085169822
2746765620
1450388008
1457513388
22240149
2785263494
22808847
71772096
25436662
30436668
98066272
1352795886
31709085
74025640
2785104427
1393958857
2785447255
55795999
1354763260
1462221499
2751946240
31417927
11495540
1382651363
2772788050
15470580
64811404
1451842448
2782587287
2768499875
76881501
2781233143
2341459858
2714579480
2781332240
2779973994
35567099
2702419158
1394156613
2789022358
16018360
2789034866
12359046
68340549
30444678
2788435259
2761457892
2768499812
65504633
2724247982
53550316
25201435
28299780
39797056
2776886503
704430334
56832711
2789118993
36171593
2787913224
2763431537
2724868684
31054544
57934277
1354680760
2761457870
2789162437
2693188826
2735870742
88138748
1447389380
91940977
49407884
32520143
2764754748
89019133
1352916427
2784699916
2788319068
23681346
1444414775
29644478
2786296411
2777657238
22731873
53320802
2759914695
2788178175
43417676
39757097
25000570
1354743897
2788112441
27695050
2786455711
2763433101
1354693953
1287418763
71960471
2760666962
2785354943
1457240422
2788740053
31228537
1655939048
18365465
60186696
68584343
24958329
1382643761
2785908734
1353850051
3045944640
1455246742
2786519260
2787226521
2788412748
78939373
1452063287
23913548
1457192862
2758298215
2787698231
1461032561
1452822469
36320236
92853533
93709515
23332323
63826933
40426806
3052913280
1352866135
2785528222
141199850
2784656165
2787514679
2695459062
1352257704
2763431581
51803188
2770356230
2784595734
2775627288
1456677761
2779296562
2750862334
38956773
2750862086
31368110
56943850
2772107261
88987225
2783270146
2769820066
2787519851
2388842391
2787496744
2788408186
2576493168
2357412376
22308924
2786073771
2784893552
1459452322
2783939005
2759265587
2354016657
2724866316
1452484141
22721220
1351706500
1354874952
2784485081
2788371394
2781610231
2739410242
1460098573
1459896574
2784373236
1082042393
1451455000
39289337
1382690893
520860
1354502065
1353617788
32632566
91226636
2724867148
38965165
2784955186
2775847944
2779340953
1459127747
82718109
2618911230
2783429749
1354813837
291560833
23036999
1461244449
48648476
2777972197
186681859
2763433494
2788278381
27887832
1462991840
2513617864
1331053117
1354012069
2629300696
1353618797
2585609868
22584500
2724869150
1354787526
2785781625
1382626940
1353270358
2632408154
41064110
87818411
1451877811
1349700854
2504070656
2298285796
2504931936
2761457118
1461172277
1455202296
28883464
2761684498
20642344
31073278
24673753
2787392859
2777941757
2784226471
2768493636
2780393569
71172724
2788366155
1351103851
32625920
2769525484
2787823704
8558650
14816344
89968743
22039119
33540145
1461103919
2782637501
2764131144
2494534892
2596647560
2553201928
2788100061
50896445
2782530623
1382683959
2640416326
1507389467
44832808
1382660929
2550309958
68540786
1382694500
1339322824
1352996397
2750862152
2783172783
31158733
2601929082
1461521419
2782406745
2787323069
2776217203
59885656
1751057925
1453516153
1455901286
1453679279
1456666104
2287848694
1353782648
33453966
1354768750
2786298496
27100999
2516909778
2773497879
31069655
25490467
1352677541
1353117896
22682156
1450079037
2770765890
2201902845
2751097760
2724866050
2747466080
1459108061
24181191
1394142654
2712160132
1347009206
27546475
2346465980
88009971
2768935638
33363503
26162026
2783832167
2375135652
2274954574
13407382
2784359813
2508093008
21881901
25591720
64524043
17693339
2783794111
2776033047
56879718
2767807676
1354863646
2751097788
2787416833
2782097665
2677341774
87280911
2375926320
2724868810
17655702
2750863222
28828876
2777884886
1382661880
2772107026
1345830441
2012146622
2544799868
2788775022
1454559988
81977577
86532700
2753817440
45227638
2775060432
1295621289
1342013861
1353918949
9391113
2761892122
2695575400
44761800
2773249418
2767519579
24302062
22043452
2783359444
2538259522
2786945763
29460894
1354244567
38775114
28136880
2750863492
2673135330
1455141840
2788955962
1353881242
18971688
2768493651
80709773
33529566
2709395326
27212158
13619023
1611275591
1346007325
2788881874
1369741036
46955316
2782940048
26320044
1461128898
2779318250
49907333
38351565
2787981582
77596234
1333766292
1354572080
68801260
1353762827
26100414
49748764
15773513
1354815163
1354557480
2642008390
36912445
2548811928
2762139481
2721701256
71811615
788133888
1352607378
32160832
1421176280
1334981613
13842559
2750863716
1450540099
2788076088
88277870
1710418099
1354550673
2787402639
24506689
2787592944
2668128490
60438528
1349492566
1382690873
2785766687
2786840456
2762387320
2768493627
2776460001
2787439170
48959901
2789176561
35328119
2786906341
2450562238
60943371
69897587
1340099652
58869459
39826770
1338785261
97567337
2504640727
1454312605
1354497616
2784955189
27514983
38468250
2513220744
29911314
1394165987
39530472
77324305
1955996106
2761685592
26203555
1452475554
26119535
51727700
2728394938
2781622743
3031939056
2772109906
1354785266
95017956
1449959557
2784832142
1460079900
2783666660
1382659605
2724868650
2786932164
1382620806
2752011412
2782568888
2188963425
1421733578
2752399966
22296196
1354790417
2763432386
1336407855
88484068
16291344
65483385
1369748840
2479413666
40802372
2772107127
2759914726
2489904660
68786256
1354862452
38538370
2788071545
37072975
1353177492
29485566
2777665343
2356241090
2364641055
1461236060
14730996
33370871
2745462624
1354129442
96731358
1453250929
2780853197
86546540
34521548
2346631910
2538219334
58338959
2788415614
2782482449
37450930
1460566688
1461092137
1494911250
2751323424
2636810090
2419713726
16994874
28371662
96293890
2756746392
77048922
2777698861
63211489
23366503
2782341734
3033407616
36011802
1459306668
2763433110
1239176070
73544684
91191452
2735871130
1505224580
2750862248
2439481676
2780072251
1382688521
1354814866
2772297479
2101570818
2785822558
2751097798
2533137048
2668791400
1318906515
1350554519
32788000
2773088375
2787791684
2661821392
47393137
2476847604
2736550320
1382660950
2734437434
97419904
1352450482
1340719014
1352678631
28737700
2783466147
2768493646
80647803
1354869861
1354116498
1393680785
52726808
28555761
2087949730
2750863518
2754088978
2787089571
68062539
1354209601
2711906916
13871758
60116690
2787707376
20554537
2763433118
86862772
2741838994
33853550
2784562941
2785601982
26473039
1352971319
2767181175
2782322262
2772937900
35258317
2750588102
2730538578
1351486797
37756177
67573861
2720836352
2782387259
93299109
78129342
2773603075
21364406
1450049138
117544398
2614318404
3034488512
2787351917
2784507079
2504064705
1332436132
78837463
1456660766
1451697528
2743920244
2763885286
1351707059
53819111
87070918
1453020520
96523209
2787913209
2784709256
2782364427
2749483834
1352602432
68198791
1354660341
3036912192
1382661882
2724868454
381066831
66980375
2568521844
2763432306
2770104161
2726632620
32400922
1382584524
1354575019
2750862518
24277986
17160268
54817085
89378266
2530557672
2640325720
1353803808
2743783260
33486199
30663077
1349469149
1455444185
2724867222
63934265
2788231345
1353839872
2612665760
19928977
1354330541
49379726
2787935897
2779020091
2784806385
1354284198
2767644322
90975880
39315880
1353506072
2750863474
2729516308
2779748922
2788408075
35769059
2776012451
50501747
2763431712
2653650456
37138222
1354870679
68273698
19524874
1354868454
1450598788
2763401356
2742552006
2785032742
1069237208
1382631852
2750863152
22422018
2784110110
34811100
2787860381
29942921
1351059494
2783951251
2640853416
2741467974
17831385
2724868708
94432344
1354805226
27869707
24943465
2788056547
2696421488
2750863440
66995498
21498840
2760990653
1354514348
1353028154
2761684317
2787026968
1459066308
21133584
22288007
7487388
2789140263
2750861728
10990976
23405518
1459037890
52451213
2750862186
1354076248
2745459708
2516592264
2670760098
1462743874
87517787
2671449804
1354815328
13158492
2785970310
